201 151
200 2
0 150
010001000001000100000001000000000000000100010001000000000100000000000000010000010000000100000001000000010000010000000100000001000000000100000000000000000100000000000000000000010100000100000000000100000
010101011101010101111101111111001111110111010101010011110101011111111111010100110101110101010111011100110011010111110101110011011100111101111101111111111100111111011111111111010101001101001111110101110
010100010100010101000100000001000001000001000100010000010101010000010100010100000101000101010100010100000001010100000101010000010100000001000001000100000100010000010000010000010101000001000000010001000
010111110111110101010111111101111101111101111111011111010101110111010101110111111101011101011100110111111111010101110101011111110111111111001111010101110111010111110101110111110101111111111101011111111
000100000100010001010100010100000100010100010001000001010001000100010101000100010001010001010000000000010000010101000101000000000100000001000100010001010100010100010101000100010001010000000101000000000
111111010101011111010101010111110101010111010101111101011111011101110101110111010111011111010011111111010011110101111101111111010111111101110100111111010101110101010101011101011101010011110111111111110
000000010101000100010001000000010101010001000100010001000100010001000100010000010101010001000001000100010000010100000000010000010100000001000100010001010001000101000100010001000100010001010000000000000
001101110111011101011111111111010101010101111111010111110101110111001111011111010101010101111111010111110011010111111111010111110101111101010111010101011111011101111111110111110111111101011111111111110
000101000000010001010000010000010101010100000001010100000101000100000000010000010101000100000000010000010001000100000100000100000101000101010101010100000100010100010000000100000000000101000001000000010
110101111111110011010011110011110111010111110011011101011101001111111111011111110101111111111111111111011111111101110111011111110101010101010101010111111101110111011101111111111111110101110101111111010
000101000000000001010000000000010001010100010000010001010001000000000001000001000100000000000001000001000100000001010001010000010001010001010001010100000001010000010001000000010000010001000100000000010
111101011111111111011111111101111101010101011111110111110111111111111101111101001111111100111111001101110101111111011101110111010111110111011111010100111111010111110011001111011101111111001111011111110
000001010001000001000001000101000101010001010000000100000100010000000100010101000000000100010001000100010101010000000100000100010100010100010000010100010001000100000000000100010001000001000001010001000
011111011101001101111101010101010101011111010111010101111111010101110111010101001111110111010101110111010101010011010111111101111101011101010111110111011101011111110111111101110011010101111101010101001
010001010001000100000001010101010100010100010100010101000001010101000100010001000000010001000100000101010001010001010000010001000101010001010100000001000100010000010100000101000000010100000001010101000
010101010111110101111111010111010111110101110101110101011101010101111100110011111111111101111111001101011111011101011111110111010101010111010111110101110100111101011101110101110111110111111111010101110
000100000100000101000000010000010001000101010101000100010001010101000100010000000001000100000001000001000000000001000001000100010001000100010000000101010100000001000101010100010100010001000100010100000
001111111101111101011111111111111101010101010101001111110011010101010111011111111101010111111101111101111111111111111101011111010111111111111111111101010111111111110101010111010101011101010111110111111
000000010001000101010000000000010100010001000101000000010001010100010001000100000101010000000001000101000000000000000001010000010100000000000000000101010100000100000001010001010101000101010100010001000
111111010011010111010011111111010111111111011101011111111101010111111101110101110101011111011111001101010111111111111101011100110101111111111111011101010101110111111111011101010111011101010101011101010
000001010000010100010000010000010001000100010001010000000001000001000001000101000101010001010001000001010100010000010101000100010101000000000101010001010001010100010001010001010000010001010101000101010
001111011111110100111111010111111101010100110011110011111111111111011111011111011101010101110101110011011101010111010101110101011101111101110101010111011111010101010101010111011111110111010101110101110
000000010000010100010000010100000100010000010000010001000000000000010000010001010001000101000100010001010001000100010001000101000100000001010101000100000100010001010100010100000100000100010000010100010
001111110111010111010011110101110111111111111111011101001111011111010101110101010111011101011111010111010111111101110111011111110111111111010101111101001101011111010111010111110100111100111111110111010
000000010100010000010000010001010000000000000001000101000001010001010101000101000100010100010001010100010101000001010100010000010000010001000100000101000001010000010001010000000100000100010100010100010
111111011101011111110111011111011111111111111101110101111111010111010111011101110111010111110101011100110101001111010100111101011111010101011100110101111111010111111101011111111111110111010101010101110
000000010001010000000101000100000100000000000101000101000001010100010001010100010001010000000101000100010001000001000100000001010000010100010000010001000001010100000001000000000000010100010101000101000
001111110111011111110101110101001101111101110101011101011101010100111101010111011101011101110111110111011101111101011111111111010011110111110111110011011111010111001111111111111111010101110101111101010
000100000101000000010000010101000001000101000101010001010001010100010101010001000101000001000100000100010001000001010000000100010000010100000100010000010000010001000000010000000100000101000100010001010
110101111101111111011111010101111111010101001101010011010011010111010101010111110101110111111101111100110111011111011111110100111111010111111101011111110011111101011111010111010101111101001111010111110
010001000000010001000001010101000100010001000101010000010000010001010100000100000101010100000001010000000100010001000001000100000000010000000001010000010001000001010100010100010101010001000001000100000
011111011111010101111101010101110101110111110101011111011111111101010111111101111101010100111111010111111101110101111101011111111111011111111111010111010101011111010101111101110101010111001101111101111
000001010001000100000101010100010101000100010101000000010000000101010000010001000001000100010001000100000101000100000100010001000001000100000001000101010101010000000101000101010101010100000100010001000
010011010101111111110101010111010101001101010101111111110111110101011101110111001111011111010101011101110101111100111111010101010101110111011101111101010101011111111101010101010101010111111101010101010
010001010100000000000101010101000101000101010101000001000100000100010001000101000101010000010100010101010100000100000000010100010101010100010100010001010101000000000100010101000101010000000101010100010
011101010111111111110101110101110101111101010101011101011101111100110101001101110101010111110111110101010111110111111111110111110101010101110111011101010101111111110101110101001101011111110101010111110
000100010001000000010101000100000100010001010101010000010101000000010101000100010101010101000101000001010000010000000000000001000100010001000001000001010100010001010101000101000101000000010101010100010
110111111101011111010101011100111111010111011101011111110101111111010111110101010101010101011101011111010111011111111111011111011111011111010011111101011101010101010111011101110101110111010101010101010
010101000100010001010101010000000100010101000001010001000000000101000100010101010100010101010001010000010101000100010001010000010000010100010000000001000001000100010001010001000100000100010001010101010
010101010111110011011101010011111100110101111111010101111111110101011101010101110111110101010101011111010101110101010101110111110111110100111111111111111111111111011101010101111111111100111111010101010
000101010000000001000001010001000100010100000001010100000101000100010001000100000100000100010100000000010100000001010100000100010100000100000101000000010000000100000101010101000000000000010100010101000
001101011111111101111111011111010111010111011101010111110101001111110111111101111101111100111111111101110100111111010111111101110101110111110101001101010011001100111101011101011111111111010101111101110
000100000001000001000000010000010100010000010001000100000100000000000100000101000001000100010000010001000100010001010000010001000001000000010100000101010001000100010001000100010000000101010101000100010
110111111101001111011111010111110101111111110011111101111111111111111101011101010011110111010111011111011101110101111111010101011111110111110100111101111101110111010111010111110111110101010101010111010
010000010101000001010100010100000001000000010000000101000001000000000001010001010000010001000101010001010001000100010001010100010000010100000100010001000000010001010100010001000100010100010100010000010
011111010101111101010101110100111111001111011111110101011101011101110111110111011111011101111101010101010111011111010101010111110111011101111111110101011111111101010101111101011101010111010111111111110
010000010000010001010101000100010001000001000001000100010101010001000100010101010001000100000001010100010100010001010100010001000101010001010000000101010001000001010101000100010001010001000101000100000
010111111111110011010101010111010101111101001111011100110101110111111101010101010101110100111111010111011100110111010111111111011101010111010101111101011101010111010101010111111101011101110101010101111
000100000000010000000101010100010100000101000000010100000101000100000101000100000101000100000001010001010000000100010100000000010001010100010101000001010001010100010100010001000101000100010001010001000
011111110111011111111101110101110111001101111111110111011101011101110101111111111111001111111101011101110111110101010101111111110101010101010101001111010011010100110111111101010101110111011101011111110
010000000100010000000101000101010001000000000000010000010001010001010101000001000001000100010001000100000100010101010001000000000101000101000101000100010001010100010100000100010001000101000101000000000
010011111101110011110101001101011101111111111111010111110011010011010101001101011101110101010101110101111101010101011111011111111101111111111101111101110101011111010101001111111111011101110111111111110
010001010001000001000101000100010001000001000001010100010001010001010001000101010101000101010100010101000001010101000000010001000100000000010001000101000101000000010101000000000100010000010000000100000
011101010111011101011101010111110111001101011101011101011101011101011111110101010101011101010101110101011111011101111111111101010111111111010111010101111101111111110101111111011101110101111111110101111
000001000100010001010001010100000101000101010001000001000001000101000000000100010001010001000101000101010000000101000000000101010000010000000100010000000000010000000100000101010001000101000001000101000
111111001101110111010111110101111101110101010011111111111111010101110011110111110011010011111111011111011111110101011111010101011111010011111101111111111111110111111111110101010011111101010101011101010
010001000101000100000100000101000101000101010000000000000001010100010000010100010001010000000001010000010001000001010000010001000101000001000001000001000000000100000000010101000000000100010101010001010
010101110101001111111111001101010101011101111111011111111101110111010011011101011101011100111101010101110101111111010011111111110101111111011111001111011111111101001111110101111111110111110101010111110
000100010101000001000001000001010001010100010000010001000100010001010001010001010101000100000101010101000100000101010001000000010101000001010000000001010000000001000100000100010001000100000101000100000
001111010111111101001101001111011101010111010111110101011111010111011111010111010101110111011101010101001111110101011101001100110101001101011111110101011101111111110101111101110101110101111101111101010
000100010000000100000101000100010101000101010100000101010000000100010001010100010001000100010001000101000100010101000101000100000101000101000100010101000101000000010001000001000100010101000100000101010
011101011111110101111101110101110101110101010100111101010111110100110101010100110011011100110011111101110101010101011101110111111101011101110101011101110101111111011111111101011111010101010111110101010
010001010000000101000101010001000001000001010000010001000100010100010100010100010000010000010000000100010101010100010000010001000001010000010001010001010100000000010000000101010001010001010000000101010
010111010111111111010101011111011111011111010011110111110101011111010111010111011111111111011111110111010111010111010111011101011111010111111111010101010111111111011101110101010101011111110011111111010
010101010100010000010101000000010001010000010001000100010101000100010001010001000000000100000001010000010001010001010100010000010000010100000001010101010001000100010001000001000101000100010001000001010
110101010101011101110101110111110101010011111101010101011101110100111101111101111111110111111101011111111101011101010111110111110111110101001111010101011101001100110111011111111101110101011101110101010
000100010001010001000100010100000101010000000101010101000001010100000100000100000001010000000100000001000000000101010000000100000100010101000000000101010001000100000100010000000100010001010000010100010
010111111111010011001111010101111101011111110101011101111111010111110111010111111101011111110111111111011111111101110011111100111101010101111111111101010011110111011111110111010111011111011111010111110
010100000001010001000100010001000001010000010101010001000000010000010001010001000100010001000100000001010001000100010000000100000101010001000000000100010000010100010001000100010001000101000100010001000
011100110101010101110100111111111111011111010111010011111101010011111101110101110111010101001100111101010111010101011111111111011101011111011111110111110111010101110101011101111111110101110111011101001
010000010101010101000100000001000000000100010100010001000001010000000001000100000101010101000000000100000100010101000000010000010001000100010000010000010101010001000101010001000000010100010001000101000
010111110111010101011100111101011111110101110100111101011111011111111111001111110101010101111111111111111101110111111111010111110011110101110011011111010101011111001101010011001111010101011101110101110
000100010100010101010000000100010100010001000100000100010100010000000100000100010001010100000100000000000001000100010001010100010000010001010001010001010001000000000101010001000101000001000100010100010
011101010101111101010011111111010101011111011101110111110101111111010111010101011111010111110101111111111111001101010101010111011111011111010101110101011101111111111101011101110101111111110111010111010
010001000101000001010001000001000101000001010101010000010001000000010001010001000000000100010101000000000001000101000100010000000100010000000100000100010100000000010001000100010000010100010001010000010
010011111101110111010111011101111101111101010101011111010011011111111101111111011111111111010101011111110111110101111111011111011101110011111111111111110111111101110101110100111111010101011101011111110
010000010001000100010100010001000001000100010100000100010000010000000101000001010000000001000101010000010100000101000001010100010001010001000100000100010000000001000101010100000000000101010001000101000
011111010111001111011101110111001111010111110111110101011111111111011101011101110111111101011101110111010100111101011101010100110111011101010101110111010011111111001101010111111111111101011101110101001
000101000100000001000101000100000100010100000000010101000001000001010001010100000100000001010001000100010100010100010001000100010100000100010001010001010000000001000100010100000100010001000100010101000
110101111111011101110101001100110111010101011111110101111101110101010011010111111101111111110101001101110111010101110101111111010111011111111111011101010111111101110111110111011101010111110111110101110
000100000001010001000001000100010001010001010000000100010100000100010001010000010101000000000101000101000000010001000101000000010001010000000001000001000100010000010100010000010001000100000000000100000
001111011101110111111111110111111101011111010011111111010111111111011101011101010101110111111101110101011111111111001101011111111101010011111101011111001101011111110101011111010011111111111111011111110
000000010001000100000100000000000001000001010000010001010000000001000101010001000100010100000001000101010000000001000101010001000001000001000101010001000101000000010001000001010000000000000001010000010
111111110011011101110111111111111111011101111101110101010011011101110101010011111111010111111101001101011101011101010111010101011111111101010101010101111101111111011111001111011111011111111101110111010
000100010001010001010000000000000100010100000101000100010001010001010100010001000000010000000101000101000101010001010000010100010000000101010001010100000001000001010001000000010001010000010001000101010
110101011101010111011111111101110100110111110101001111111101011101010111111101001111111111110101110101110111010111111100110111110111010111011111010111111111110101010101111111010101011100110011011101010
000101000101010100000100000101000100010000010001000100000101000100010000000101000000000100000100010100010100010100000100010100010101010001000001010001000100000101000100010001010101000100010000010001010
001101001101010111110100110111011111010111011111110100110101110111011111110101111111110101111111010111010100110101110111010100110101011101111101010101110101001101111111010101110101110111011111111101011
000001000101010100000100010000010001010101000001000100010100010001000100010001000001000101000000010001010100010101000100010100000101010001000101010100010001000100010001000100000100010100010000000001000
011111110101010101110111011111110011010101111101011111010111011101110101011101110011001101111111111101010111010101001100110111110101010111010101011111010111110111010101111111111111010101010111111101110
010000010001000101010101000100010001000100000001010000010001010100010001010100010001000100000000000001010000010001000100010100010001010100010001000000010100010101010100010000000101010001000100010001000
010111011111001101010101110111010101110111111111011100111111010111011111010111011101110111001111111111011111111111110101110101011111010101111101111111110111010101010111010111010101011111011101011101001
000101000101000001010100010001010100000100000001000100000001000001010000000001010000010001000001000101000100000000010101000101000000010001000100000000010000010100010101010101010001000001010001000101000
111101110101111111010100111101010111111101111101010111011101111101011111111101010111011101111101010101110111111101110101011101011111111111011111111111011111010101110101010101011101111101010011110101110
000001010100000100010100000101000000010001000101010001010100000001000000010001000100010101000000010000010000010001000101010001010001010000010001000001010001010101000101010001010001000001010000010101000
110101010101001101010111010101111111010111010101111101010111111101111111010011111101110101111111011111111111010111011101010101110101010111010101010011010101010101001101010111010111011111111111010111010
000100010101000001010100010100000001010100010100000101000100000101000001010001010001000100000001010000000000010100010001010100000101000101010100010001000101010101000001000100010100010000000000010000010
001111110101111111010100111111111101110100110111110101111101110101111101011101010111011111111101010011111111110101110011011111111101001101010111111101011111010101111101111101111101111101111111111111110
000000000101000100010100000000000100000100010100010101000001010100000101000100010100010000010001010001010000000101000001010000000001000101010000010100010000010100000100010001000001000001000000000000000
011111111101010100110101111111110111111101010101010101011111010111110101110101110100110100110011111101010011010101111111010011111111110101011111010111110111110111110111110101011111110111001111111100111
010000010001010100010101000001000100000101010101000101010001010100010001010101000100000100010000010001010001010100000100010001000001000101010000010000010100010000010000010101010000010100000100000100000
010101110011110111010101011101010111110101010101111101010101010101011101010111011100111111011111010111011101010111110101111101010011001101010111110111110101011111011111010101010011010111111100110111111
010101000000010001010101010001010001000101010100000101010100010001010001010000010000010001000001010100000001010001000101000101010001000101010100000100000101000001010001000101010001010000000000010000000
010111011111011101010101010011011101001101010111110101010101111111010011011111111111110101111101010111111111011101011101010101111101110101010111010101111101111101010101111101010101011111111111110111110
010000010001000001010101010000010001000001010100010100010101000000010001000000000000010101000001010001000001010001010001010001000001000101000000010101000001010001010100000101010101000000000000010100010
011111110101111101010111011111110011111111010101010101110111011111111101111100111111010101011101011101001101010111011101011111010111011101111101111101111101010111010111110101010101111111111111010101010
000001000100000101010100010000010001000000010001010101000100010001000100000100010001000101010001000100000101010101000001000001010100010001000101000100000101000100010101000101010100010000000001010001010
111101011111110101010101110101011101011111111111010101010101110011010111110111010101111101010111110100111101010101111111011101011100111101010111010111110101110100110101011101011111010111111101011111110
000100010000010101010101010101000100010100010000010100010101000000010000000100010100000100010100000100010001010000010001010101000000000001010100010000010100010100000101010001000100010101000101000000000
011111111101010111010101010101111111110101010011110111011101011111011111111101110111110101111101111111010011011111011101010101111111111101010101111101110101011111110101010111110100110101010101111111110
010000000001010001000101000100000000000001000000010100010001010001010000000001000100010101000001000001010001000100010001010100000100000101010001000101000101010000010001010100000100010001010100000000010
010111110011111101001101001111111111111111111111010111110011110101011101011111010101011101011111001101011101010100110111010111110100110111011111010101011111010111011111010100111101011111010111001111010
000100010000000101000001000100000001000000000100010000010000000101000101010001010101000001010000000100000101010100010100010100010100010000010001010101010000010101000001010100010001000100010001000001000
001101011111110101111111110111110011011111110101111111010111111101110111010101010101111111011111111111110101010111010100110101010111011111110111010101011100110101111101010111010111110101111101111111011
000101000100010001000000000100010001010000010101000001010100000101000000010100010000010000010001000000010101010100000100010001010001010000000100010001000100010100010001010001010100010001000101000001010
110101110101011111001111111101010101010011110111001101010101110101111101111111111111110111110101011111011101010111111111010111011101011111110101111111110111010111010011010111010111011111010101011101010
000100010101000100000100000001010101010000000001000100010101010100010001000100000100010100000100010001000001010001000000010100000101010000000101000000000000010001000000010100010000010000010100010001000
001111010101110111110101111111011101011111111101110111110101010111011111010100110101010101001111111101111111111101001111110101110101010011110101011111111111011101111111011101111111010011110111110011111
000100010001000000010101000000000101010000010100000100010101000000010000010100010001000101000001000100000000000001000001000101000101010000010100010000010001000100000100010001000100010000010100010000000
110100111111111111010101111111110101010111010111111101010101011111110011110111011111111111110101010111011111111101111101111101011101011101011111111111010101111111010100110011001101110011010101011111110
000100000000010001010001000001000001000100010100000001000101010000010001010000010001000000010101010001010000000101000100010001010001000101000100000000010100000001010100010001000101000001010001010001000
011111001111010101011111011101111101111100110101111101111101010111011101011111110101110111010101011101010011011101010111010111010101110101110101011111010111111101010101111101010101111101011111011101001
010001000001010101000100010100000100000100010001000101000001010101000001000000000101000100010101000101010001010001010000000100010100010101010101010000010001000101010101000001010100010001000101010001000
010101111101010111110100110111110111111111010111010111011101110101111111111111011101001100111101110101011111010111011111111111110111010101010101011111011101011101110111011111010111011111010101010101110
000101000101010000000100010000010001000000010100010000010101000100000000000000010101000100000001000100010001000101010100000100010101010100010001000001000101010001000100010000010000000001010101000100010
111101110101011111001111011101111101001111111100111111110101011101111101111111110101110111111111011111010101011101010100110101010101010111011111111101111101010111010100111111011111111101110101111111010
000100010101010001000001010001000101000000000100000100000001010001000001000000000101000100000001010000010101010001010100010001000100010100000100010001000001010100010100010001010001010001000100000100010
010111010101010101111101010111010101110011110100110111111111011111011111010111111101011100111101010011110101011101010111010111111111110100111101010101001111010101111111010101110101010111011101110100110
010001010001000100010101010100010100010000010100010100000001000000010001010100010001010000000100010001000101000101000101010100000000000100010001000101000001010101000001000100000101000100010001000100010
010011011101111111010101010100110111011111110101110100111101111111110101010101010111010111110111110111011101110101110101011101111111111111110111011111111101010101010011111111111101011101110111001111010
010001000100010000010101010100010001000001000101000100010100010000000101010101000100010100010100010100010100010000010101000001000001000000010100010000000101000101010000000000000101010001010101000000010
011101110111010011110101010111011101111101011111010111010111010011110101011101111101110101010101010100110111010111110101111111001111011101010101110111110101110101011111110111111101011101010101111111110
000100010001010000010101010001000100000001010001010001000001000000010100010001000001000101010101010100010001010100000100000001000001010001000101000100000100010001010000010100000001010001010001000001000
111101011101111111010101010101110111111111010101011111011111011111110111010011110101111101010101010111010101011101111100111111011101010111111101001100111111011101010111110100111111010111011101011101001
000001000100000100010100010100010000010001000101000000010001010001000100010000010101000001010101000001010101010001000100000000010101010100000001000100000000010001010100010100010001010100000100010001000
011111110111110101110111110111111111010011001101111100110101110101011111111111011101011111010101111101010101010111110101111111110101010111110011110111011111111111010101010111010101010100110101111111010
010000000000010001000100000100000100010000000100000100010101000100010000000001010001010100000101000101000101000100000101000000000100010000010000010001010000010000010001010001010101000100010001000001010
011111111111011111001101010100110101111111110111110111110101010111110111111101010111010100111111010101111101111100110101001111110111111111011111111101110111010111111111011101010101111111011111011101110
000000010001010001000001010100010001000000010001010000000101010100010100000100010100010000010001010101000101010000010101000100000000000100010000000100000101000100000001000101010101000001010000010101000
011111010011011101011111011111011111011111011101011111111101011101010111010111110100111111110101010101010101010111011101110111111111110101110111110111111101111111011101010101011101010011010011110101010
010000010000010001010001000000010000010001000100000100000101000101000100010001000100000000000100010100010101000101000100000100000000010101000100010001000100000001010001010101000100010001010000010100010
010011110111110111010101111111110111110101110111110101011101110101111101111101011101111111111111110111111101001101110111110101111111010101001101110101010111011101010111011101110111110101011111010111110
010000010100000100010100000000010100010100010100010001010001000100010001010001010001000100000001000100000001000101000100000101000000010100000001000100010001010001010100010000010100010100000001010001000
011111010111010100111101111111010111010111010100111101110111011111010111010111010011110101001101010100111111110101001101111101111111011111111111001111111101011101010111010011010101011111111111011101001
010001010000010100010001000001000100010101000100000001000100010001000100010100010000010001000101010100010000010101000101000100000001010001000001000001000001000100010000010001010001000100010000010001000
010101011111011111010111001101111101010101111111111111011111010101111100110101011111011101110111011111010011010101110101010111111101010101011101011101110011010111111111011101011111110101010011110111110
000101000101010000010100000100000001010001000001000000010000010100000000000101010001000101010001000001010001000100010000010000010001010100010001010100010001010100000001000101010000010001010001000100010
111101110101010111110111010111011111111101011101001111110111110111111111111111010011110101011101110111011111001111011111111111010111010111110011010111011101110101111101110101010100111111010101010101010
000100010100010100000001010001010001000100010001000100000100010100000000010001010000010100010000010100010001000000010000010001010101000100010001000100010101000101000101000101010100010001010101010001010
010111010111110111111101011101110101010111110011110101001101010111011111010101010100110111110111010100110101111111110111010101110101111101011101111101110101011101010101001101110111010101011101011111010
010000010000000000000001000100000100010000000000000101000001000000010000000100010100000000000100010000000100000000000100000100000100000001000000000001000000010000010100000100000001000100000001000001000
